16
19
28
58
59
121
138
140
151
154
175
185
187
201
204
220
243
250
253
254
257
264
266
267
275
277
437
480
501
505
513
526
544
549
553
557
595
602
627
631
647
677
703
707
735
752
759
768
769
930
944
963
975
1003
1008
1023
1044
1076
1078
1089
1185
1186
1219
1224
1234
1244
1246
1272
1295
1345
1427
1435
1471
1476
1512
1515
1529
1534
1542
1543
1545
1551
1554
1607
1610
1618
1619
1623
1636
1640
1660
1695
1696
1699
1704
1784
1796
1797
1817
1822
1824
1829
1832
1842
1893
1896
1908
1912
1914
1921
1939
1941
1942
1951
1987
