3
6
7
8
14
20
22
23
25
33
35
39
45
48
50
52
61
62
105
109
110
119
128
130
132
136
146
149
152
161
166
167
168
180
190
192
194
198
202
203
223
225
233
239
240
242
247
251
255
262
265
272
276
278
284
287
288
289
291
495
498
508
510
517
518
522
525
529
535
537
542
548
555
556
560
563
565
566
573
581
582
592
597
598
608
614
617
619
623
628
629
630
632
634
643
648
653
655
657
661
665
666
668
671
673
709
719
721
723
727
732
736
743
751
753
756
760
761
762
763
764
765
772
774
777
778
784
904
907
914
915
917
927
929
932
943
949
955
958
965
977
1005
1026
1033
1038
1043
1045
1046
1052
1055
1060
1063
1065
1066
1067
1069
1079
1085
1086
1092
1094
1097
1099
1106
1179
1180
1181
1188
1190
1191
1197
1199
1200
1208
1209
1210
1211
1215
1220
1231
1233
1236
1243
1245
1249
1252
1257
1259
1270
1276
1277
1285
1288
1289
1291
1298
1307
1308
1309
1311
1313
1314
1315
1319
1330
1333
1336
1344
1349
1355
1420
1421
1425
1428
1429
1434
1438
1440
1442
1445
1448
1451
1454
1456
1461
1474
1484
1487
1490
1495
1496
1499
1500
1502
1505
1514
1519
1524
1527
1538
1539
1540
1541
1546
1548
1549
1555
1608
1614
1616
1621
1625
1630
1635
1643
1648
1651
1654
1657
1662
1664
1665
1672
1673
1676
1705
1707
1749
1756
1757
1758
1763
1766
1772
1774
1781
1787
1793
1799
1801
1803
1810
1814
1819
1823
1826
1831
1837
1840
1883
1889
1895
1900
1910
1913
1917
1948
1950
1952
1955
1956
1957
1960
1961
1962
1965
1966
1972
1973
1974
1980
1983
1988
1991
