12
13
15
26
31
34
40
43
57
71
106
112
114
115
116
117
120
123
126
134
141
145
148
150
156
158
162
169
177
178
182
200
206
214
222
228
235
236
238
260
281
290
506
507
511
520
523
528
540
545
547
552
558
562
567
570
571
575
576
579
583
588
591
594
599
600
601
603
606
607
609
610
611
612
613
625
635
636
637
639
641
649
651
658
659
660
662
664
678
704
708
710
712
713
715
716
718
725
726
730
731
733
745
749
754
757
758
766
770
775
780
783
846
855
895
898
900
903
908
911
925
935
938
941
945
947
952
957
966
967
969
970
972
980
981
1013
1020
1024
1030
1031
1035
1036
1039
1048
1050
1051
1053
1058
1059
1061
1064
1070
1080
1081
1090
1091
1182
1184
1187
1189
1193
1195
1202
1203
1207
1212
1216
1217
1218
1223
1225
1227
1228
1229
1230
1248
1255
1261
1269
1273
1282
1283
1300
1303
1304
1318
1323
1324
1327
1328
1332
1335
1337
1339
1343
1347
1348
1352
1383
1408
1417
1422
1426
1432
1437
1441
1446
1452
1453
1460
1464
1465
1466
1472
1473
1477
1479
1482
1504
1523
1526
1528
1536
1544
1547
1556
1559
1560
1605
1606
1613
1631
1633
1644
1646
1656
1659
1675
1679
1684
1687
1692
1694
1702
1703
1706
1723
1727
1752
1753
1759
1761
1769
1773
1777
1780
1782
1789
1802
1805
1806
1808
1815
1827
1835
1841
1890
1894
1897
1898
1905
1909
1919
1922
1923
1925
1926
1933
1934
1938
1945
1949
1959
1969
1975
1977
1979
1989
1995
1996
1998
2000
