10
11
18
21
24
27
30
32
36
37
38
41
42
44
47
51
55
60
63
64
65
66
67
69
104
108
111
118
129
135
143
147
159
160
165
172
179
181
183
184
191
195
196
207
208
212
213
218
219
226
230
231
232
234
245
248
268
270
271
273
282
285
427
434
444
479
494
504
514
516
527
531
532
533
534
536
538
539
546
550
554
564
574
577
578
580
584
586
587
593
596
616
620
626
633
638
645
650
652
654
656
667
669
670
672
711
717
722
724
729
734
740
741
742
746
748
773
782
844
859
902
910
913
921
922
924
926
933
934
939
948
951
954
959
960
961
964
968
976
978
982
1019
1021
1025
1027
1028
1037
1047
1049
1054
1056
1057
1071
1073
1075
1082
1083
1084
1087
1088
1102
1158
1176
1178
1183
1192
1196
1221
1226
1235
1237
1239
1241
1250
1251
1256
1268
1274
1278
1279
1284
1294
1305
1310
1316
1322
1340
1350
1351
1353
1387
1393
1423
1430
1436
1443
1447
1449
1455
1457
1459
1468
1469
1470
1475
1478
1483
1485
1486
1494
1498
1507
1508
1509
1511
1516
1517
1521
1531
1532
1533
1535
1537
1553
1582
1611
1620
1626
1627
1629
1637
1638
1639
1641
1642
1649
1661
1667
1674
1678
1680
1681
1682
1683
1686
1688
1689
1691
1693
1708
1754
1760
1764
1767
1771
1775
1776
1778
1783
1788
1791
1794
1798
1811
1825
1828
1830
1833
1834
1836
1891
1892
1899
1904
1924
1929
1932
1936
1937
1940
1943
1944
1946
1954
1963
1964
1971
1976
1985
1990
1994
1997
