1
2
4
5
9
17
46
49
53
54
56
68
72
107
113
122
124
125
127
131
133
137
139
142
144
153
155
157
163
164
170
171
173
174
186
188
189
193
199
205
209
210
211
215
216
217
221
224
227
229
237
241
244
246
249
252
256
258
259
261
263
269
274
279
280
283
286
436
500
503
509
512
515
521
541
543
551
559
561
568
572
589
590
604
605
615
618
621
622
624
640
642
644
663
674
675
676
679
705
706
714
720
728
737
738
739
744
747
750
767
771
776
779
899
905
906
909
916
918
919
920
931
936
937
940
942
946
950
953
956
962
971
973
974
979
1022
1032
1034
1040
1041
1042
1062
1068
1072
1074
1077
1095
1096
1098
1100
1101
1103
1104
1105
1194
1198
1201
1204
1205
1206
1213
1214
1222
1232
1238
1240
1242
1247
1253
1254
1258
1260
1262
1267
1271
1275
1280
1281
1286
1287
1290
1292
1293
1296
1297
1299
1301
1302
1306
1312
1317
1320
1321
1325
1326
1329
1331
1334
1338
1341
1342
1346
1354
1424
1431
1433
1444
1450
1458
1462
1463
1467
1480
1481
1488
1489
1491
1493
1497
1501
1503
1506
1510
1513
1518
1520
1522
1525
1530
1550
1552
1557
1558
1583
1597
1603
1612
1617
1622
1624
1628
1632
1634
1645
1647
1650
1652
1653
1655
1658
1663
1666
1668
1669
1670
1671
1677
1685
1690
1697
1698
1700
1701
1709
1725
1731
1762
1779
1785
1786
1790
1792
1795
1800
1804
1807
1809
1812
1813
1816
1818
1820
1821
1838
1839
1866
1888
1903
1906
1907
1915
1916
1918
1920
1927
1930
1931
1935
1947
1953
1958
1968
1970
1978
1981
1982
1984
1986
1992
1993
1999
