226
228
229
230
231
232
233
235
238
239
240
241
242
243
245
246
247
248
249
250
251
252
253
254
255
256
257
258
259
260
261
262
263
264
265
266
267
268
269
270
271
272
273
274
275
276
277
278
281
282
283
284
285
286
287
288
289
290
291
292
293
296
297
299
302
319
324
330
385
645
647
648
649
650
651
652
653
654
656
657
658
660
661
662
663
664
665
666
667
668
669
670
671
672
673
674
675
676
677
678
679
680
681
682
683
684
685
686
687
688
689
690
691
692
693
694
696
697
701
723
802
804
806
807
809
810
811
812
814
815
816
817
818
952
953
954
955
956
959
960
961
962
963
964
965
966
967
968
969
970
971
972
973
974
975
1066
1182
1184
1185
1186
1188
1189
1190
1191
1192
1194
1195
1196
1197
1198
1199
1200
1201
1202
1203
1204
1205
1206
1207
1209
1210
1211
1212
1213
1214
1215
1216
1218
1219
1378
1380
1384
1385
1386
1387
1388
1389
1390
1391
1392
1393
1394
1395
1396
1398
1399
1400
1401
1402
1404
1409
1524
1526
1528
1529
1530
1532
1533
1534
1535
1536
1537
1538
1539
1540
1541
1542
1543
1544
1545
1546
1547
1548
1550
1551
1555
1570
1664
1665
1667
1668
1669
1670
1671
1672
1673
1674
1675
1676
1677
1678
1679
1680
1681
1682
1684
1685
1686
1687
1702
1711
1767
