6
14
22
28
35
36
38
60
81
90
306
307
311
320
323
328
340
345
347
352
358
362
367
370
371
375
376
379
383
388
391
394
399
400
401
403
406
407
409
410
411
412
413
425
435
436
437
439
441
449
451
458
459
460
462
464
478
504
508
510
512
513
515
516
518
525
526
530
531
533
545
549
554
557
558
566
570
575
580
583
646
655
695
698
700
703
708
711
725
735
738
741
745
747
752
757
766
767
769
770
772
780
781
813
820
824
830
831
835
836
839
848
850
851
853
858
859
861
864
870
880
881
890
891
982
984
987
989
993
995
1002
1003
1007
1012
1016
1017
1018
1023
1025
1027
1028
1029
1030
1048
1055
1061
1069
1073
1082
1083
1100
1103
1104
1118
1123
1124
1127
1128
1132
1135
1137
1139
1143
1147
1148
1152
1183
1208
1217
1222
1226
1232
1237
1241
1246
1252
1253
1260
1264
1265
1266
1272
1273
1277
1279
1282
1304
1323
1326
1328
1336
1344
1347
1356
1359
1360
1405
1406
1413
1431
1433
1444
1446
1456
1459
1475
1479
1484
1487
1492
1494
1502
1503
1506
1523
1527
1552
1553
1559
1561
1569
1573
1577
1580
1582
1589
1602
1605
1606
1608
1615
1627
1635
1641
1690
1694
1697
1698
1705
1709
1719
1722
1723
1725
1726
1733
1734
1738
1745
1749
1759
1769
1775
1777
1779
1789
1795
1796
1798
1800
