7
8
12
13
18
19
26
30
31
32
34
45
48
68
70
71
73
82
85
227
234
244
279
294
304
314
316
327
331
332
333
334
336
338
339
346
350
354
364
374
377
378
380
384
386
387
393
396
416
420
426
433
438
445
450
452
454
456
467
469
470
472
511
517
522
524
529
534
540
541
542
546
548
573
582
644
659
702
710
713
721
722
724
726
733
734
739
748
751
754
759
760
761
764
768
776
778
782
819
821
825
827
828
837
847
849
854
856
857
871
873
875
882
883
884
887
888
902
958
976
978
983
992
996
1021
1026
1035
1037
1039
1041
1050
1051
1056
1068
1074
1078
1079
1084
1094
1105
1110
1116
1122
1140
1150
1151
1153
1187
1193
1223
1230
1236
1243
1247
1249
1255
1257
1259
1268
1269
1270
1275
1278
1283
1285
1286
1294
1298
1307
1308
1309
1311
1316
1317
1321
1331
1332
1333
1335
1337
1353
1382
1411
1420
1426
1427
1429
1437
1438
1439
1441
1442
1449
1461
1467
1474
1478
1480
1481
1482
1483
1486
1488
1489
1491
1493
1508
1554
1560
1564
1567
1571
1575
1576
1578
1583
1588
1591
1594
1598
1611
1625
1628
1630
1633
1634
1636
1691
1692
1699
1704
1724
1729
1732
1736
1737
1740
1743
1744
1746
1754
1763
1764
1771
1776
1785
1790
1794
1797
