2
3
23
25
33
39
40
42
47
51
55
62
65
72
76
78
84
87
88
89
91
295
298
308
310
317
318
322
325
329
335
337
342
348
355
356
360
363
365
366
373
381
382
392
397
398
408
414
417
419
423
428
429
430
432
434
443
448
453
455
457
461
465
466
468
471
473
509
519
521
523
527
532
536
543
551
553
556
560
561
562
563
564
565
572
574
577
578
584
704
707
714
715
717
727
729
732
743
749
755
758
765
777
805
826
833
838
843
845
846
852
855
860
863
865
866
867
869
879
885
886
892
894
897
899
906
979
980
981
988
990
991
997
999
1000
1008
1009
1010
1011
1015
1020
1031
1033
1036
1043
1045
1049
1052
1057
1059
1070
1076
1077
1085
1088
1089
1091
1098
1107
1108
1109
1111
1113
1114
1115
1119
1130
1133
1136
1144
1149
1155
1220
1221
1225
1228
1229
1234
1238
1240
1242
1245
1248
1251
1254
1256
1261
1274
1284
1287
1290
1295
1296
1299
1300
1302
1305
1314
1319
1324
1327
1338
1339
1340
1341
1346
1348
1349
1355
1408
1414
1416
1421
1425
1430
1435
1443
1448
1451
1454
1457
1462
1464
1465
1472
1473
1476
1505
1507
1549
1556
1557
1558
1563
1566
1572
1574
1581
1587
1593
1599
1601
1603
1610
1614
1619
1623
1626
1631
1637
1640
1683
1689
1695
1700
1710
1713
1717
1748
1750
1752
1755
1756
1757
1760
1761
1762
1765
1766
1772
1773
1774
1780
1783
1788
1791
