5
9
10
11
15
16
17
21
24
27
29
37
41
44
46
49
52
56
58
59
61
63
69
74
79
80
83
86
236
300
303
309
312
315
321
341
343
351
359
361
368
372
389
390
404
405
415
418
421
422
424
440
442
444
463
474
475
476
479
505
506
514
520
528
537
538
539
544
547
550
567
571
576
579
699
705
706
709
716
718
719
720
731
736
737
740
742
746
750
753
756
762
771
773
774
779
822
832
834
840
841
842
862
868
872
874
877
895
896
898
900
901
903
904
905
994
998
1001
1004
1005
1006
1013
1014
1022
1032
1038
1040
1042
1047
1053
1054
1058
1060
1062
1067
1071
1075
1080
1081
1086
1087
1090
1092
1093
1096
1097
1099
1101
1102
1106
1112
1117
1120
1121
1125
1126
1129
1131
1134
1138
1141
1142
1146
1154
1224
1231
1233
1244
1250
1258
1262
1263
1267
1280
1281
1288
1289
1291
1293
1297
1301
1303
1306
1310
1313
1318
1320
1322
1325
1330
1350
1352
1357
1358
1383
1397
1403
1412
1417
1422
1424
1428
1432
1434
1445
1447
1450
1452
1453
1455
1458
1463
1466
1468
1469
1470
1471
1477
1485
1490
1497
1498
1500
1501
1509
1525
1531
1562
1579
1585
1586
1590
1592
1595
1600
1604
1607
1609
1612
1613
1616
1618
1620
1621
1638
1639
1666
1688
1703
1706
1707
1715
1716
1718
1720
1727
1730
1731
1735
1747
1753
1758
1768
1770
1778
1781
1782
1784
1786
1792
1793
1799
